A 0e 11 11 1f 11 11 11
B 1e 11 11 1e 11 11 1e
C 0f 10 10 10 10 10 0f
D 1e 11 11 11 11 11 1e
E 1f 10 10 1e 10 10 1f
F 1f 10 10 1e 10 10 10
G 0f 10 10 13 11 11 0f
H 11 11 11 1f 11 11 11
I 07 02 02 02 02 02 07
J 07 01 01 01 01 05 02
K 11 12 14 18 14 12 11
L 10 10 10 10 10 10 1f
M 11 1b 15 15 11 11 11
N 11 19 19 15 13 13 11
O 0e 11 11 11 11 11 0e
P 1e 11 11 1e 10 10 10
Q 0e 11 11 11 15 12 0d
R 1e 11 11 1e 14 12 11
S 0f 10 10 0e 01 01 1e
T 1f 04 04 04 04 04 04
U 11 11 11 11 11 11 0e
V 11 11 11 11 11 0a 04
W 11 11 11 15 15 1b 11
X 11 11 0a 04 0a 11 11
Y 11 11 0a 04 04 04 04
Z 1f 01 02 04 08 10 1f
0 0e 11 13 15 19 11 0e
1 0C 04 04 04 04 04 0E
2 0e 11 01 02 04 08 1f
3 1e 01 01 0e 01 01 1e
4 02 06 0a 12 1f 02 02
5 1f 10 10 1e 01 01 1e
6 0e 10 10 1e 11 11 0e
7 1f 01 02 04 08 08 08
8 0e 11 11 0e 11 11 0e
9 0e 11 11 0f 01 01 0e
. 00 00 00 00 00 01 01
, 00 00 00 00 01 01 02
! 01 01 01 01 01 00 01
? 0e 11 01 02 04 00 04
' 01 01 01 00 00 00 00
/ 01 02 02 04 08 08 10
: 00 01 01 00 01 01 00
- 00 00 00 07 00 00 00
% 19 1a 02 04 08 0b 13
