# TyrianGbaPoc mixed-case 6x8 source face.
# Rows are rendered exactly; wide M/W glyphs keep their interior counters.
# Format: character followed by eight hexadecimal row masks.
A 0e 11 11 1f 11 11 11 00
B 1e 11 11 1e 11 11 1e 00
C 0f 10 10 10 10 10 0f 00
D 1e 11 11 11 11 11 1e 00
E 1f 10 10 1e 10 10 1f 00
F 1f 10 10 1e 10 10 10 00
G 0f 10 10 13 11 11 0f 00
H 11 11 11 1f 11 11 11 00
I 0e 04 04 04 04 04 0e 00
J 07 01 01 01 01 11 0e 00
K 11 12 14 18 14 12 11 00
L 10 10 10 10 10 10 1f 00
M 21 33 2d 2d 21 21 21 00
N 11 19 19 15 13 13 11 00
O 0e 11 11 11 11 11 0e 00
P 1e 11 11 1e 10 10 10 00
Q 0e 11 11 11 15 12 0d 00
R 1e 11 11 1e 14 12 11 00
S 0f 10 10 0e 01 01 1e 00
T 1f 04 04 04 04 04 04 00
U 11 11 11 11 11 11 0e 00
V 11 11 11 11 11 0a 04 00
W 21 21 21 2d 2d 33 21 00
X 11 11 0a 04 0a 11 11 00
Y 11 11 0a 04 04 04 04 00
Z 1f 01 02 04 08 10 1f 00
a 00 00 0e 01 0f 11 0f 00
b 10 10 1e 11 11 11 1e 00
c 00 00 0f 10 10 10 0f 00
d 01 01 0f 11 11 11 0f 00
e 00 00 0e 11 1f 10 0f 00
f 06 08 1e 08 08 08 08 00
g 00 00 0f 11 11 0f 01 0e
h 10 10 1e 11 11 11 11 00
i 04 00 0c 04 04 04 0e 00
j 02 00 06 02 02 12 12 0c
k 10 10 12 14 18 14 12 00
l 0c 04 04 04 04 04 0e 00
m 00 00 1b 15 15 15 15 00
n 00 00 1e 11 11 11 11 00
o 00 00 0e 11 11 11 0e 00
p 00 00 1e 11 11 1e 10 10
q 00 00 0f 11 11 0f 01 01
r 00 00 17 18 10 10 10 00
s 00 00 0f 10 0e 01 1e 00
t 08 08 1e 08 08 08 06 00
u 00 00 11 11 11 13 0d 00
v 00 00 11 11 11 0a 04 00
w 00 00 21 21 2d 2d 12 00
x 00 00 11 0a 04 0a 11 00
y 00 00 11 11 11 0f 01 0e
z 00 00 1f 02 04 08 1f 00
0 0e 11 13 15 19 11 0e 00
1 0c 04 04 04 04 04 0e 00
2 0f 01 03 06 0c 08 0f 00
3 1e 01 01 0e 01 01 1e 00
4 09 09 09 0f 01 01 01 00
5 1f 10 10 1e 01 01 1e 00
6 0e 10 10 1e 11 11 0e 00
7 1f 01 02 04 08 08 08 00
8 0e 11 11 0e 11 11 0e 00
9 0e 11 11 0f 01 01 0e 00
. 00 00 00 00 00 01 01 00
, 00 00 00 00 01 01 02 00
! 04 04 04 04 04 00 04 00
? 0e 11 01 02 04 00 04 00
' 04 04 04 00 00 00 00 00
/ 01 02 02 04 08 08 10 00
: 00 04 04 00 04 04 00 00
- 00 00 00 0e 00 00 00 00
% 19 1a 02 04 08 0b 13 00
; 00 04 04 00 04 04 08 00
[ 0e 08 08 08 08 08 0e 00
] 0e 02 02 02 02 02 0e 00
+ 00 04 04 1f 04 04 00 00
^ 04 0a 11 00 00 00 00 00
